#there are 10 draws in this table
[ 0.   55.2  15.34]
[ 1.   53.2  11.66]
[ 2.  53.6  7.8]
[ 3.   52.3   8.98]
[ 4.   53.3  12.98]
[ 5.   56.   10.96]
[ 6.  58.5 10.7]
[ 7.   59.2  13.83]
[ 8.   48.6   9.73]
[ 9.   51.3  13.21]
#there 100 are draws in this table
[ 0.   55.15 12.55]
[ 1.   55.13 12.62]
[ 2.   55.59 13.6 ]
[ 3.   54.96 12.97]
[ 4.   54.97 11.83]
[ 5.   58.18 11.8 ]
[ 6.   53.72 11.53]
[ 7.   54.46 13.2 ]
[ 8.   53.56 13.01]
[ 9.   54.87 12.24]
#there 1000 are draws in this table
[ 0.   54.86 13.04]
[ 1.   54.39 13.23]
[ 2.   54.21 12.58]
[ 3.   54.94 13.84]
[ 4.   55.46 12.96]
[ 5.   55.18 13.12]
[ 6.   54.22 12.83]
[ 7.   54.35 12.83]
[ 8.   54.76 13.06]
[ 9.   55.28 12.9 ]
#there 10000 are draws in this table
[ 0.   54.94 12.97]
[ 1.   55.09 13.04]
[ 2.   55.21 13.05]
[ 3.   54.97 12.97]
[ 4.   54.71 12.99]
[ 5.   54.93 12.9 ]
[ 6.   55.11 13.01]
[ 7.   55.14 12.92]
[ 8.   55.04 12.95]
[ 9.   54.74 13.15]
#there 100000 are draws in this table
[ 0.   54.94 13.  ]
[ 1.   55.07 12.95]
[ 2.   55.06 13.  ]
[ 3.   54.97 13.  ]
[ 4.   54.98 12.96]
[ 5.   55.03 12.98]
[ 6.   54.97 13.01]
[ 7.   54.91 13.01]
[ 8.   54.97 12.98]
[ 9.   55.   13.07]
#there 1000000 are draws in this table
[ 0.   54.99 13.  ]
[ 1.   55.   13.01]
[ 2.   55.   13.01]
[ 3.   54.98 13.  ]
[ 4.   55.   12.99]
[ 5.   54.98 13.01]
[ 6.   55.01 13.  ]
[ 7.   55.03 13.  ]
[ 8.   55.   13.03]
[ 9.   55.   13.01]
#Sample size   Std. dev. of mean
10             3.05                
100            1.2                 
1000           0.43                
10000          0.16                
100000         0.05                
1000000        0.01                
